00000000000000000000010000010011
00000000000000001001000100010111
11111111110000010000000100010011
00010001000000000000000011101111
00000000000001010000010001100011
00000000000000001000000001100111
11111111010000010000000100010011
00000000000100000000010100010011
00000000000100010010010000100011
00001110110000000000000011101111
11111110000000010000000100010011
00000000000000000000011110010111
00110101010001111000011110010011
00000000111100010010100000100011
00000000000000000000011110010111
00010100100001111000011110010011
00000000000100010010111000100011
00000000100000010010110000100011
00000000100100010010101000100011
00000000111100010010011000100011
00000000000000010010010000100011
00000001000000010010011110000011
00000000100000010010011100000011
00000000110000010010010010000011
00000000111001111000011110110011
00000000000001111010011000000011
00000000010001111010011110000011
00000000000001001000010000010011
00000000111100010010001000100011
00000000000000000000011110010111
00110000110001111000011110010011
00000000111100010010100000100011
00000000000001111000010010010011
00000000000001001010011110000011
00000000010001001010001100000011
00000000010000010010011100000011
00000000111101100000011110110011
00000000010001000010011010000011
00000000000001000010010100000011
00000000110001111011010110110011
00000000011001110000001100110011
00000000011001011000010110110011
00000000111101010100010100110011
00000000101101101100011110110011
00000000111101010110010100110011
00000000000101010011010100010011
00000000110000010010000000100011
11110101010111111111000011101111
00000000100001001000010010010011
00000000000000000000011110010111
00101111110001111000011110010011
00000000000000010010011000000011
00000000100001000000010000010011
11111010111101001001100011100011
00000000100000010010011110000011
00000000110000010010011010000011
00000000100001111000011100010011
00000100000001101000011010010011
00000000111000010010010000100011
00000100000000000000011110010011
00000000110100010010011000100011
11110110111101110001000011100011
00000001110000010010000010000011
00000001100000010010010000000011
00000001010000010010010010000011
00000000000000000000010100010011
00000010000000010000000100010011
00000000000000001000000001100111
00000000000001010000010100010011
00000000000100000000000001110011
00000000000000000000000001101111
11111111010000010000000100010011
00000000000000000000010100010111
00000001110001010000010100010011
00000000000100010010010000100011
11101111110111111111000011101111
00000000000001010000010100010011
00000000000100000000000001110011
00000000000000000000000001101111
